{"objs":[{"transform":[0.94357,-0.3311733,0,0,0.3311733,0.94357,0,0,0,0,1,0,-7.29,1.14,-8.700001,1],"id":1,"tag":"Item_6","mass":1,"name":"Item_6","position":[7.29,1.14,-8.700001],"eulerAngle":[0,0,19.34]},{"transform":[0.94357,-0.3311733,0,0,0.3311733,0.94357,0,0,0,0,1,0,-6.181129,0.7542632,-4.400001,1],"id":5,"tag":"Item_20","mass":1,"name":"Item_20","position":[6.181129,0.7542632,-4.400001],"eulerAngle":[0,0,19.34]},{"transform":[-6.745282e-8,0,0.5658354,0,0,0.5658352,0,0,-0.5658354,0,-6.745282e-8,0,-11.29,-0.7299998,-7.1,1],"id":8,"tag":"Character","mass":1,"name":"Character","position":[11.29,-0.7299998,-7.1],"eulerAngle":[0,90,0]},{"transform":[0.9435672,-0.3311816,0,0,0.3311816,0.9435672,0,0,0,0,1,0,-8.5,0.7,-7,1],"id":38,"tag":"Item_4","mass":5,"name":"Item_4","position":[8.5,0.7,-7],"eulerAngle":[0,0,19.3405]},{"transform":[0.94357,-0.3311733,0,0,0.3311733,0.94357,0,0,0,0,1,0,-8.14,1.47,-4.400001,1],"id":42,"tag":"Item_20","mass":1,"name":"Item_20 (1)","position":[8.14,1.47,-4.400001],"eulerAngle":[0,0,19.34]},{"transform":[0.94357,-0.3311733,0,0,0.3311733,0.94357,0,0,0,0,1,0,-7.19,1.15,-6.59,1],"id":45,"tag":"Item_20","mass":1,"name":"Item_20 (2)","position":[7.19,1.15,-6.59],"eulerAngle":[0,0,19.34]},{"transform":[5.2809,0,0,0,0,1,0,0,0,0,6.6754,0,-9.8,-1,-7.8,1],"id":48,"tag":"Plane_0","mass":1,"name":"Plane_0","position":[9.8,-1,-7.8],"eulerAngle":[0,0,0]},{"transform":[0.7781445,-1.490116e-8,-0.6280853,0,0.2674106,0.9048383,0.3312992,0,0.5683156,-0.4257554,0.704095,0,-23.16,18.85,-26.12,1],"id":53,"tag":"Camera","mass":1,"name":"Camera","position":[23.16,18.85,-26.12],"eulerAngle":[25.19848,321.091,9.435647e-7]}],"astar":null,"levelInfo":null,"astarObjs":null}