{"objs":[{"transform":[1,0,0,0,0,1,0,0,0,0,1,0,-12.13,-0.737827,-6.91,1],"id":1,"tag":"Item_20","mass":1,"name":"Item_20","position":[12.13,-0.737827,-6.91],"eulerAngle":[0,0,0]},{"transform":[-6.745282e-8,0,0.5658354,0,0,0.5658352,0,0,-0.5658354,0,-6.745282e-8,0,-5.889999,-0.65,-5.4313,1],"id":4,"tag":"Character","mass":1,"name":"Character","position":[5.889999,-0.65,-5.4313],"eulerAngle":[0,90,0]},{"transform":[0.9435672,-0.3311816,0,0,0.3311816,0.9435672,0,0,0,0,1,0,-4.009999,0.62,-5.3313,1],"id":34,"tag":"Item_4","mass":5,"name":"Item_4","position":[4.009999,0.62,-5.3313],"eulerAngle":[0,0,19.3405]},{"transform":[1,0,0,0,0,1,0,0,0,0,1,0,-6.82,-0.72,-11.5,1],"id":38,"tag":"Item_20","mass":1,"name":"Item_20 (1)","position":[6.82,-0.72,-11.5],"eulerAngle":[0,0,0]},{"transform":[1,0,0,0,0,1,0,0,0,0,1,0,-10.69,-0.76,1.16,1],"id":41,"tag":"Item_20","mass":1,"name":"Item_20 (2)","position":[10.69,-0.76,1.16],"eulerAngle":[0,0,0]},{"transform":[0.94357,-0.3311733,0,0,0.3311733,0.94357,0,0,0,0,1,0,-3.089999,1.14,-5.421299,1],"id":44,"tag":"Item_1","mass":3,"name":"Item_1","position":[3.089999,1.14,-5.421299],"eulerAngle":[0,0,19.34]},{"transform":[5.2809,0,0,0,0,1,0,0,0,0,6.6754,0,-8.23,-1,-6.8213,1],"id":47,"tag":"Plane_0","mass":1,"name":"Plane_0","position":[8.23,-1,-6.8213],"eulerAngle":[0,0,0]},{"transform":[0.7781445,-1.490116e-8,-0.6280853,0,0.2674106,0.9048383,0.3312992,0,0.5683156,-0.4257554,0.704095,0,-23.16,18.85,-26.12,1],"id":52,"tag":"Camera","mass":1,"name":"Camera","position":[23.16,18.85,-26.12],"eulerAngle":[25.19848,321.091,9.435647e-7]}],"astar":null,"levelInfo":null,"astarObjs":null}