{"objs":[{"transform":[0.94357,-0.3311733,0,0,0.3311733,0.94357,0,0,0,0,1,0,-5.378001,0.49,-3.400001,1],"id":1,"tag":"Item_20","mass":1,"name":"Item_20","position":[5.378001,0.49,-3.400001],"eulerAngle":[0,0,19.34]},{"transform":[5.2809,0,0,0,0,1,0,0,0,0,6.6754,0,-9.8,-1,-7.8,1],"id":4,"tag":"Plane_0","mass":1,"name":"Plane_0","position":[9.8,-1,-7.8],"eulerAngle":[0,0,0]},{"transform":[-6.745282e-8,0,0.5658354,0,0,0.5658352,0,0,-0.5658354,0,-6.745282e-8,0,-9.750001,-0.84,-6.099998,1],"id":9,"tag":"Character","mass":1,"name":"Character","position":[9.750001,-0.84,-6.099998],"eulerAngle":[0,90,0]},{"transform":[0.9435672,-0.3311816,0,0,0.3311816,0.9435672,0,0,0,0,1,0,-7.7,0.5,-6,1],"id":39,"tag":"Item_4","mass":5,"name":"Item_4","position":[7.7,0.5,-6],"eulerAngle":[0,0,19.3405]},{"transform":[0.94357,-0.3311733,0,0,0.3311733,0.94357,0,0,0,0,1,0,-7.333001,1.204001,-3.399999,1],"id":43,"tag":"Item_20","mass":1,"name":"Item_20 (1)","position":[7.333001,1.204001,-3.399999],"eulerAngle":[0,0,19.34]},{"transform":[0.94357,-0.3311733,0,0,0.3311733,0.94357,0,0,0,0,1,0,-6.376872,0.9157374,-5.59,1],"id":46,"tag":"Item_20","mass":1,"name":"Item_20 (2)","position":[6.376872,0.9157374,-5.59],"eulerAngle":[0,0,19.34]},{"transform":[0.94357,-0.3311733,0,0,0.3311733,0.94357,0,0,0,0,1,0,-6.085002,0.7600005,-11.16,1],"id":49,"tag":"Item_1","mass":3,"name":"Item_1","position":[6.085002,0.7600005,-11.16],"eulerAngle":[0,0,19.34]},{"transform":[0.7781445,-1.490116e-8,-0.6280853,0,0.2674106,0.9048383,0.3312992,0,0.5683156,-0.4257554,0.704095,0,-23.16,18.85,-26.12,1],"id":52,"tag":"Camera","mass":1,"name":"Camera","position":[23.16,18.85,-26.12],"eulerAngle":[25.19848,321.091,9.435647e-7]}],"astar":null,"levelInfo":null,"astarObjs":null}