{"objs":[{"transform":[0.94357,-0.3311733,0,0,0.3311733,0.94357,0,0,0,0,1,0,-3.700001,1.39,-10.12773,1],"id":1,"tag":"Item_1","mass":3,"name":"Item_1","position":[3.700001,1.39,-10.12773],"eulerAngle":[0,0,19.34]},{"transform":[-6.745282e-8,0,0.5658354,0,0,0.5658352,0,0,-0.5658354,0,-6.745282e-8,0,-5.63,-0.72,-3.6,1],"id":4,"tag":"Character","mass":1,"name":"Character","position":[5.63,-0.72,-3.6],"eulerAngle":[0,90,0]},{"transform":[1,0,0,0,0,1,0,0,0,0,1,0,-7.53,-0.75,-10.38,1],"id":35,"tag":"Item_20","mass":1,"name":"Item_20 (1)","position":[7.53,-0.75,-10.38],"eulerAngle":[0,0,0]},{"transform":[1,0,0,0,0,1,0,0,0,0,1,0,-13.16,-0.75,-2.5,1],"id":38,"tag":"Item_20","mass":1,"name":"Item_20 (2)","position":[13.16,-0.75,-2.5],"eulerAngle":[0,0,0]},{"transform":[0.94357,-0.3311733,0,0,0.3311733,0.94357,0,0,0,0,1,0,-4.200001,1.62,-0.9200001,1],"id":41,"tag":"Item_1","mass":3,"name":"Item_1 (1)","position":[4.200001,1.62,-0.9200001],"eulerAngle":[0,0,19.34]},{"transform":[0.9435672,-0.3311816,0,0,0.3311816,0.9435672,0,0,0,0,1,0,-3.559999,0.5399998,-3.5,1],"id":44,"tag":"Item_4","mass":5,"name":"Item_4","position":[3.559999,0.5399998,-3.5],"eulerAngle":[0,0,19.3405]},{"transform":[5.2809,0,0,0,0,1,0,0,0,0,6.6754,0,-9.8,-1,-7.8,1],"id":47,"tag":"Plane_0","mass":1,"name":"Plane_0","position":[9.8,-1,-7.8],"eulerAngle":[0,0,0]},{"transform":[0.7781445,-1.490116e-8,-0.6280853,0,0.2674106,0.9048383,0.3312992,0,0.5683156,-0.4257554,0.704095,0,-22.87,19.83,-25.76,1],"id":52,"tag":"Camera","mass":1,"name":"Camera","position":[22.87,19.83,-25.76],"eulerAngle":[25.19848,321.091,9.435647e-7]}],"astar":null,"levelInfo":null,"astarObjs":null}