{"objs":[{"transform":[-6.745282e-8,0,0.5658354,0,0,0.5658352,0,0,-0.5658354,0,-6.745282e-8,0,-8.219999,-0.79,-5.51,1],"id":1,"tag":"Character","mass":1,"name":"Character","position":[8.219999,-0.79,-5.51],"eulerAngle":[0,90,0]},{"transform":[0.97604,-0.2175908,0,0,0.2175908,0.97604,0,0,0,0,1,0,-5.23,0.2,-5.41,1],"id":31,"tag":"Item_4","mass":5,"name":"Item_4","position":[5.23,0.2,-5.41],"eulerAngle":[0,0,12.56757]},{"transform":[1,0,0,0,0,1,0,0,0,0,1,0,-9.209999,-0.77,2.23,1],"id":35,"tag":"Item_20","mass":1,"name":"Item_20 (1)","position":[9.209999,-0.77,2.23],"eulerAngle":[0,0,0]},{"transform":[1,0,0,0,0,1,0,0,0,0,1,0,-7.97,-0.768,-10.81,1],"id":38,"tag":"Item_20","mass":1,"name":"Item_20 (2)","position":[7.97,-0.768,-10.81],"eulerAngle":[0,0,0]},{"transform":[0.976042,-0.2175823,0,0,0.2175823,0.976042,0,0,0,0,1,0,-4.377748,0.8248718,-10.55,1],"id":41,"tag":"Item_1","mass":3,"name":"Item_1","position":[4.377748,0.8248718,-10.55],"eulerAngle":[0,0,12.56707]},{"transform":[0.976042,-0.2175823,0,0,0.2175823,0.976042,0,0,0,0,1,0,-4.377748,0.8248718,-1.03,1],"id":44,"tag":"Item_1","mass":3,"name":"Item_1 (1)","position":[4.377748,0.8248718,-1.03],"eulerAngle":[0,0,12.56707]},{"transform":[0.9634919,-0.2677375,0,0,0.2677375,0.9634919,0,0,0,0,1,0,-7.656036,1.633891,-7.77,1],"id":47,"tag":"Item_6","mass":1,"name":"Item_6","position":[7.656036,1.633891,-7.77],"eulerAngle":[0,0,15.52968]},{"transform":[5.2809,0,0,0,0,1,0,0,0,0,6.6754,0,-9.8,-1,-7.8,1],"id":51,"tag":"Plane_0","mass":1,"name":"Plane_0","position":[9.8,-1,-7.8],"eulerAngle":[0,0,0]},{"transform":[0.7781445,-1.490116e-8,-0.6280853,0,0.2674106,0.9048383,0.3312992,0,0.5683156,-0.4257554,0.704095,0,-23.13,19.83,-25.55,1],"id":56,"tag":"Camera","mass":1,"name":"Camera","position":[23.13,19.83,-25.55],"eulerAngle":[25.19848,321.091,9.435647e-7]}],"astar":null,"levelInfo":null,"astarObjs":null}